Total Precip (mm)
0
0
0
0
0
0
1.2
0.8
2.4
0.2
0
1.4
3
10.6
0.6
0
0.2
2.2
0
0
0
0
0
0
0
0
0
2
0.2
2.2
17.8
1.8
0
1.6
0
3.8
2.2
0
0
0
0
0.2
5
1
0
9.6
1.4
7.2
34
12.8
6.8
0
0
0
3
0
0
0
0
0
0
0
2.4
0
0
0
3.6
2.8
1.6
0.4
2.2
1.6
0.8
0.8
0
0.4
4
0
0
0
0
1.4
0.4
0
0
0
0
0
0
1.2
0
0.4
0
5.4
0
0
1.8
1.2
0
7.4
0
1.8
3.2
0
0
0
0
0.8
0
0.6
0
0
0
0
0
0
0
0
0
0
0.2
1
0
0
0
0
0
0
3.4
0.8
1.2
0
0
0
0
0
0
0
0
0
0
0
0
0
0
0
0
0
0
0
0
0
0
0
0.6
0
0
0
0
0
5.8
0
0.4
1.8
0
0
0
0.6
0.6
0
0
0
0
0
0
0
0
0
0
0
0
0
0
0
0
0
0
0
0
7.4
0
0
0
0
0
0
0
0
0
0
0
0
0
0
0
3.6
11.8
0
0
0
0
0
0
0
0
0
0
22.8
11.8
0
0
0.8
0
0
0
0.2
0.2
1.6
19.8
2.4
1.4
0
0
0
0
0
0.2
0
0
0.8
0
0
0
0
0
0
0.6
4
0
0
0
0
0
0
0
0
0
0
0
0
0
0
0
0
0
0
0
1.4
0
1.6
0
1
3.4
1.8
7
0
0
0.2
1.2
0
3.4
12.6
25.8
5
0
1.4
0
4.8
1.8
11.6
0
0
7
1.2
0
1
0
18.2
0.2
0
0
0
0
0
0
0
0.2
2.6
2.6
1.2
78.8
14.2
0
11.2
13.6
0.4
3
0
4
0.2
3.2
3
0
0
0.8
0.6
8.6
5.8
9.6
0
10
25.2
34.8
4.4
3.4
13.2
1.2
0.2
0
0
0
0
0
0
30
9
10.2
7
0.4
0
2.2
0.4
1.6
0
0
0
0
0
0
0
1
2.4
12.2
6
1.8
Total Precip (mm)
1.4
6.4
0
0.4


3.2
0.4
1.4
0.6
0
0.2
20.2
17
8.6
0
0











0
0
0
0
0
0.6
3.2
16.2
16.4
9.4
16.2
0
0
0
0
0
0
0
0.6
5
4.8
0.6
0.4
1.6
10.2
1.4
0.4
0
0
0
0
0
0
0
4.8
0
0.2
0
1.6
1.2
3.4
0.6
4.4
0
0.4
0
0
0
0
0
0.4
0
0.2
4.4
0.4
0
0
0
1.8
0
2
0.4
2.8
1.6
0.2
0.4
0
0.2
16.6
0
0
1
1
0.8
0
0
0
1.4
3.4
1
2.4
0.2
0
0
3.6
17.2
5
5
2.4
0
2
0
1.4
0
0
0
0
0
0
0
0
0
0
0.4
3.6
2.8
1.8
0
0
1.2
0.8
1
0.2
5.2
5.6
10.6
0
0
0
0
16.2
0
0
0
1
0.2
0
0
0
0
0
0
0.4
0.6
0
0
0
0
0
0
0
0
0
0
0
0
3.8
0
0
0
0.4
0
0
0
0
0.8
0.2
0
0
0
0
0
0
0
0
0
0
0
0
0
4.4
0.4
4.2
0.4
0
0
0
0
0
0
0
0
0
0
0
0.2
7.2
0
0
0
0
0
0
0
0
0
0
0
0
0
0
0
0
0.2
0
0
0
0
0
0
0
0
0
0
2.6
0
0
0
3.4
1.6
1.2
1.8
0.6
0.6
0
0
0
0
2
8.2
0.6
0
0
3.8
0.2
0.8
0.4
0
0
0
0
0
0
0
0
0
0
0.2
1.8
11.8
0.2
0
0
0
0
1.4
3.8
1.8
2.6
11.2
0
0.2
12.8
6.4
0
0.2
15.6
0
6.6
0.4
0
0
0.6
19
0
0
0
0
0.2
13.6
2
0.6
5.4
11
8.2
0
0.2
0
4
2.8
0
0.2
4.4
9
5.8
0.2
3.4
0
0
1
3.6
2.8
5
48
3.4
0
6.4
6
5.4
0
9
2.6
1.2
1.6
2.6
0
0.8
1.2
1.6
2
0
1.2
0
0
0
15.8
2.6
0.8
2
3
5.6
3
0
0
0
0
20.2
11.8
Total Precip (mm)
11.8
4.8
0
1.8
0
17.2
1
0.4
3.2
0
0
0
0
0.2
0.2
2.8
6.2
18
6.8
4.6
0.4
1.8
2.6
0
0
0
4.4
1
18.2
11.8
0
3.6
2
0
0
0
0
3
0.2
0
0
7.6
9.6
0
5.4
0
0
1.4
2.2
9.6
0
0
0.2
0
0
0
1.8
0
1.2
5.4
2.2
1.8
0.2
1
9.8
4
0
1
0
2.6
0
0
0
18
0.4
11
13.6
14.8
0.4
0.2
0
0
0
3.4
4.4
0.4
0
0
0
7.8
0
0
0.2
0
0
0
0
0
0
0
0
0
1.2
2
1
5
0
0
6.8
8.6
0
2
0.2
0
0.8
2.8
0
3.6
0
2.2
0
0
0.4
0.2
7
0.2
0
0
0
0
0
0
0
0
0
0
0
0
0
0
0
0
0.6
0
0
0
0.6
3
2.4
3.6
16.4
5
0.2
7
0
0.2
0
0
0
0
0
2.6
0
0
0
0
2.6
6.2
0.2
0
5
2.4
0
1.2
0
0.4
0
0
0
20
0
0
0
0
0
7
0.8
0.8
11.6
0.6
0.2
0
0
0
0
0
0
0
0
0
0
1.8
0
0
0
0
0
0
0
0
0
0
0
0
0
0
0
3.2
0
0
0
0
0
0
0
0
0
0
0
0
0
1
0.4
0
0
0.8
1.2
9.2
1.2
0
0
0
0
0.2
0
0
0
0
0
0
0
0
0
0
0
2
4
1.8
7.2
2.4
0.8
0
0
0
0
0
0
2
21.4
1.4
0
0
5.2
4.4
1.2
8.8
15.6
3.4
3.2
0
3.4
1.6
6
0
2.4
0.8
5.4
3.4
0.4
4.2
0
0.2
0
0
1.2
0
0
0
1.6
0
4.2
19.4
14.8
2.2
0.6
0
3.8
0
0.4
4.8
1.4
0
0
0
0
0
0
0
0
0
5.8
0
1
7.2
0.2
4.2
8
5
2.2
0
2.4
12.8
2.2
4.2
0
0
0
0
0
0
1.4
0.2
0.8
0.2
0
0
0
2.6
0
26
15.4
0
7.2
3.4
0.2
1.8
0.4
0
0
4.2
0.8
3.2
1.6
0
0
Total Precip (mm)
9.6
0.4
1.4
3.6
18
12
0.2
0
0
0
0
0
15
11
8
4.6
7.4
0.4
0.2
0
0
2
1.6
4.4
2.2
1.8
0
0.4
2
0
0
0
0
0
0
0
0
0
2.8
0
0
0
7.4
1.4
0
2.6
0
0
0.4
0
0
0.8
0.4
0
0.6
1.2
0
0
7.6
6.2
2.2
1
0
0
0
0
2.4
6
2
0.2
1.4
0.4
0
0.6
0
0
0
0.2
0
1.6
6.4
5.2
2.4
0
1.6
0.2
4.2
0
2
4.4
0
0
0
0
0.2
0
0
0
0
1
0.2
1.4
0
0
0
0
0
0.6
0
0
0.8
0
2.2
0.4
0
0
0
0
0
0
0
0
0
0
0
0
0
0
0
0
0.6
0.2
0
2.8
0.4
0
0
0
0
0
0
0
0
1.8
5.6
2
6.8
0
0
0
0
0
0
0
0
0
0
0
0
1
8
0
0
0
0.4
2.6
0
0
0
0
0
0
0
0
7.4
0.2
0
0
0
0
0































0
0
0
0
0
0
0
0
0
0
0
0
0
0
0
0
0
0
0
0
0
0
0
0
0
0
0
0
0
0
0





























































0.8
9
0
5.8
3.2
0
0
0
0.2
0
0
18.8
26.4
8.4
26.4
15.6
0
0
0.4
37.2
14.6
7.6
0
16.4
18.4
6.8
0.4
0
1
1.4
7.6
6.2
0.2
0.4
1.6
0.2
3.8
1.6
0.8
3.6
7
6
16.2
0
6.6
1.4
1.8
0
0

0
1.2

6.2
19.4
0.6
13.4
0.6
34.6
0
0.4
Total Precip (mm)
0
0
0
0
0
0
0
1
13.2
8.6
0
0
10.4
30.6
0
5
4
8.4
1.2
0
2
0.2
0.2
0
0.6
0
4.8
26.8
24
0
2
16
11.2
1.8
0.6
2.8
2.6
4.6
1.6
0.4
0.8
0
0
0.8
0
0
2
4.6
7.6
1.6
0
5
6.4
11.8
8.4
1.2
0
11.4
4.4
4.6
3.2
7.4
0.6
0
0
0
0
0
0
0
0.4
1.6
1
3.8
0.4
0
0.4
0
0
4.8
0
1.2
0
0
4.8
0.2
0
3.2
2.8
0.2
0
4.4
0
0.2
0
0
1.6
0
0.2
0
0
3
0
0
0
0
0
0
2.4
0
0
0
0
0
0
0
0
0
0
0.2
3.2
0.6
1.4
0
0.2
0.2
0
1.4
1
0
1
0
0
0
0
0.2
9
0
0
0
0
0
0
0
0
0
0
0
0
0
0
0
0
0
0.2
2
0.6
4.6
0
0
0
0
0.2
0.2
0
1.8
0
0
0
0
3.2
0.8
0.2
4.8
8.2
0.6
0
0
5.6
0
2.8
0
1.6
3
0
0
0
0
0
0
0
0
0
0
0.2
0
1.2
0
0
0
0
0
0
0
0.6
0
0
0
0
0
0
0
0
0
0.6
0
7
0
0
0
0
0
0
0.4
0
0
9.8
0.2
0
0
0
0
0
0
0
0
0
0
0
0
3.6
0
0
0
0
0
0

0.2
0
0
0
0
0
0
0
0
0
0
0
0
0
0
0
0.2
0.6

1.2
0
0
0
0
0
0
0
0
0
0
0
12.8
17.8
0
0
0
1.4
3.8
0
0
0
0
0
0
0
0
0
2
0
0.8
0
0
12.6
15.2
28.6
7.2
0
0
0.4
0
1.2
2.2
0
1.8
1.6
0.8
8.4
10.8
9.6
0
1
15
0.2
0
0
9.2
1
2.8
0.4
5.2
8.4
0
0.2
0
0.2
5.4































Total Precip (mm)
8.4
0.2
6
5.2
0
2
0.4
5.2
10
1.4
0
3.4
0
1
4.4
4.2
0
0
0
3.4
3
0
0.2
0
0
0.4
0
0
0
0.2
0.4
14.8
0
0
0
0
0.2
0.4
1
0
0
0
0
0
0
0.2
0
0
0
0
0
0.8
0.8
0
0
1.8
1.4
7.6
0.2
11.4
0
0.2
7.4
0.8
0
0
0
0.4
0.6
0
0
0.4
4.2
5.4
0
0.4
2.2
2.4
1.8
0
0
4.4
0
0
0
0
0
0
0
0
0
0
0
0
0
1
0.4
0
0
0
0
0
0
0.2
3
0
0
0
0
0
0
3
0.6
4.8
0
0
0
1.6
0
0.6
1
0.8
0.2
1.6
0.2
2.2
0.2
0
0.4
0.4
6.2
0
0.2
0
0
0
0
0.2
6
0
2.6
4.6
0
0
0
0
8
3.8
4
4.4
5
0
0
0
0
0
2.6
1
0
0.2
0.4
0.6


0.2
0
0
0.2
0
1.2
0
0
0
0
0
0
0
0
0
0
0.6
0.6
0
0.2
0
0
0.2
0
0
0
0
0
0
0
0
0
0
0
0
0
0
0
0
0.4
0
0
0
1.6
2.6
1.6
0
0
0
0
0
0
0
0
0
0
0
0
0
0
0
0
0
0
0
0
2
1
0
0
0
0
0
0
0
0
0
7.2
0
0
0
0
0
0
0
0
2.4
2.2
0.2
0.2
0
0
0
0
0
0
0
0
0
2.6
0
0
0
0
0
0
0
1.2
10.2
0
0
0
0
0
0
0
0
0.4
7.8
0
0
0
0.2
0
0.2
13
6.4
1.6
3.8
10.6
0
0
0
0
0
0
0
1.6
0
0
1.6
0
0
0
10.4
7
2.8
0
12.2
0
0
0
0
0.6
0
0
0
0
0.2
0
0
0
0.2
4.4
0
3.6
14.6
0
0
1.4
1.2
2.6
2
0
0
0
0
0
0.4
1.4
0
0
0
0
1.2
0.6
20.4
0
0
0.2
2
0
2.8
3.6
0.8
2.8
0
4
0
0
1.8
4.4
Total Precip (mm)
0
0
7.4
18
6.2
0
0
0
0
0.4
0
3.2
3.6
0
0
0.2
1
5.4
0.2
0
11.6
0
0
1.4
0
0
0.2
1.8
1
2.2
0
0.8
8
0.4
3.6
0
0
0
2
0
0
0
0
0
0.2
0
3.8
0.4
1
0
0
0.8
2
0
0
0
0.2
0
0
1.8
2.4
1
0
0
0
0
4.6
0
0
0
0
1.8
0
2
0
0
6.6
0.4
0
0
0
0
0.2
0
5.4
5.2
0.8
1
0
0.6
0.2
0.4
0
0
3
0
0
0
0
6.4
0
0
0
0
0
0
9.4
0
0
0
0
1.4
0.6
0
0
0
0.6
0.6
0.8
6
1.8
0
0
6
0
0
0
0
0
0
0
0
0
1.8
2
0.2
0
0
0
0
0
0
0
0
0
0
0
1.2
0
0.6
0
2.2
2
0.6
0
0
0.4
0
1.2
3.6
1.2
6.4
2
0
0
0
0
0
0
0
0
0
0
0
0
0
0
4
0.4
0
0
0
0
0
0
0
0
0
0
0
0
0
0
0
0
1
0
0
0
0
0
0
0
0
0
0
0
10.2
0.6
0
0.2
0
0
2.8
0.2
1
0.2
0
0.2
0
0
0
0
0
0
0
0
0
0
0
0
0
2.8
7.8
4.2
0.6
0
0
0
0
0
0
0.4
2.4
0
0.4
0
0
0
0
0
0
0.2
0
0
0
0
0
0.2
0
0
0
0.2
2.4
0
0.2
0
1.6
4.6
0
0.2
0
0.2
0
0.2
0
0
0
0
0.6
0.4
0
7.2
0
2.8
3
0.6
0
1
0
5.8
0.4
0.2
8.2
10.2
0.6
7.2
10.4
7
0.8
0
0
3.4
13.4
1.2
0
0
3.2
1
0.2
0
0
0
0
1.4
0.6
13.2
14.8
2.2
2
0.2
0
5.2
2.6
2.2
9.6
0
0
1.8
3
0.2
9.6
6.2
0
5.4
0
0.8
0
3.6
3
0.2
7.4
2.2
5
1.4
5.8
26.6
2
7.6
38
1.4
5.4
1.6
0
0
0
0
0
0
0
0
0.6
0
0
8.2
